001770
092440
015360
000850
034590
065770
035000
000540
009270
500024
060980
530095
030190
500018
008490
140520
004890
317400
024090
032560
002240
034310
065710
014710
041650
012630
071840
023000
004000
001740
009810
036560
044340
234690
700014
187870
293480
580032
580054
123040
168490
037370
006280
015230
102460
354200
069620
238490
003120
263860
003080
053160
064550
307280
293780
326030
272210
013580
007340
377190
003610
067830
377740
261780
083790
002290
276040
006620
171010
015860
100090
051490
067290
190510
214180
016250
064820
089790
008930
115390
041520
140860
130740
086450
088130
156100
170900
241520
002390
003280
019010
002170
000100
075970
510017
417010
087600
094970
114810
218410
441270
200710
072770
115610
168360
045970
141080
241690
425040
246710
384470
394280
580019
249420
448710
009420
530082
356860
025320
220100
263050
336370
003920
399720
298060
255440
084850
383930
011230
