060310
095570
006840
054620
265520
211270
027410
282330
126600
138930
001460
013720
083790
001040
079160
035760
311690
000120
011150
097950
051500
058820
023460
056730
000480
065770
083660
000590
012030
404950
456440
367360
016610
005830
000990
139130
060900
025440
001530
000210
001880
375500
068790
007340
004840
241520
065150
155660
069730
180400
017940
245620
037370
278990
365550
050120
383220
007700
214270
130500
114090
900290
078930
083450
006360
001250
007070
297890
078150
012630
039570
089470
294870
009540
267250
267270
322000
042670
267260
329180
097230
195940
014790
028300
003580
278650
343090
067630
024850
047920
115450
204320
060980
011200
403870
036640
082740
035000
405350
426550
439730
442770
448760
003560
095340
099520
175330
950170
234080
067290
001060
096760
035900
318000
024840
105560
432320
024120
455250
002380
021320
344820
036670
009070
009440
112190
119650
044180
092220
151860
046440
003620
016380
035600
001390
226360
111870
033180
060720
015590
001940
058400
025000
092230
000040
044450
030200
033780
058850
058860
060370
122450
052900
376190
061970
309960
093050
003550
034220
051900
373220
032640
011070
066570
037560
051910
079550
006260
010120
000680
229640
108320
001120
108670
383800
086960
023150
038340
035420
160550
053290
181710
060250
104200
400760
005940
338100
034310
030190
008260
004250
456040
010060
178920
024940
005490
218410
327260
091340
010950
419530
019550
950110
034120
046140
151910
036120
099220
036540
255220
040610
049470
184230
005090
016250
001380
004060
001770
002360
009160
123700
025530
034730
011790
018670
001740
006120
210980
068400
395400
302440
326030
402340
260870
361610
100090
096770
001510
285130
017670
000660
048550
063440
003570
064960
100840
036530
005610
011810
077970
071970
002820
289080
084870
002710
089230
161570
032540
022220
069260
048770
246690
317240
002900
024070
057030
037270
040300
051390
052220
079940
078890
000500
399720
296520
036620
000860
217730
035250
114190
094480
011420
039240
053950
002100
009450
267290
012320
011040
000050
214390
012610
009140
024910
013580
012200
002140
198440
049720
010130
002240
014570
348150
098460
035290
900280
215000
121440
183410
366030
076340
009290
014200
017040
029480
017900
037710
026910
397880
421800
440790
456490
030610
339770
053270
007690
005320
001140
066620
043650
006050
060480
078130
307750
002720
243870
035080
204020
114450
083420
186230
014530
900070
204620
019660
014280
053260
008870
001570
282720
002990
011780
214330
001210
073240
036190
049080
420770
035460
092440
000270
024110
456700
013700
308100
004540
407400
187790
286750
121600
247660
039860
091970
417010
244880
405920
288490
051490
137080
190510
242040
089600
293580
257990
138610
130580
036800
267320
001260
008350
004270
003920
025860
111710
091590
168330
094860
253590
212560
095660
042420
950220
311390
085910
092730
290660
306620
153460
007390
033640
330860
005720
002350
089140
137940
396270
348210
225570
217270
251270
317860
104620
090350
000320
194700
285490
283100
229500
106520
376930
006280
142280
234690
005250
065560
004370
072710
054050
069140
040160
332290
348340
060260
012340
214870
270870
144960
085670
064260
340360
039560
154040
058730
030210
023590
032190
323350
068240
145210
019680
006370
008060
353200
000490
178600
020400
008830
048470
008110
004780
005750
017650
006570
007720
389260
317850
290670
078140
001680
084690
036480
128820
117580
027830
104040
129920
016710
438220
442310
020180
003540
045390
009190
108380
006580
014160
047040
009320
003090
069620
007680
000430
048910
005710
006340
003220
024890
290380
002880
290120
000300
120240
003310
114920
078600
012800
015230
096350
140520
131220
010170
054670
001070
023910
006650
001440
084010
001790
001130
003490
005880
003830
016090
069460
021040
067080
298540
118000
192080
393890
299170
012510
224060
302920
213420
317330
077360
004830
090410
024900
263600
194480
348840
263800
199150
206560
261200
145720
227420
067990
002150
006620
100130
005160
460850
075970
460860
086450
001230
023450
004140
099410
007590
005960
026960
002210
102260
033500
025950
000640
170900
088130
028100
282690
041930
001520
084670
082640
060380
079960
008970
228340
092780
088910
094170
049770
013120
018500
006040
030720
014820
163560
109860
032960
004890
002690
023790
005290
025900
000020
000150
241560
034020
131970
336260
016740
073190
176750
030350
203650
223250
060570
192650
217620
016670
187870
066670
024090
003160
092200
110990
078590
263690
214680
377190
263720
376300
141020
109740
196490
066900
127120
092070
039840
013570
219550
310870
210540
104460
079810
113810
043360
197140
068930
033130
105740
263020
290550
187220
383930
163430
131180
315640
317120
042510
232680
418420
300120
171120
388790
069540
347700
214260
403360
115390
200350
171010
084650
217500
092590
141080
038390
294140
228670
228850
412350
281740
277810
179720
215100
090360
238500
108490
900260
223220
067730
071280
032350
089860
330590
000400
023530
020150
280360
004000
286940
004990
005300
011170
071840
328130
038060
162120
253610
085370
060240
058470
039980
019570
016100
012700
302550
073570
377450
277070
042500
219420
439090
027740
195500
357430
377480
305090
448780
098120
424980
038290
001080
267980
005990
093520
377030
088980
094800
100590
067280
072870
215200
133750
235980
200580
041920
233250
014100
236340
054180
086900
078160
065650
138040
408920
021880
140410
241770
090370
059210
058110
017180
257370
009900
012690
005360
434480
080420
417970
080160
204210
087260
101330
012860
363260
348030
250060
288980
033200
333050
009680
118990
006920
009580
001810
009200
322970
033920
008420
279600
095500
254490
025560
218150
007120
396690
442900
357250
100790
412930
446190
448830
085620
006800
208890
049950
207760
002840
268280
107590
134380
003650
059090
214610
201490
950190
155900
206640
018700
035620
354390
053030
301300
377740
064550
314930
208710
086820
038460
251120
199730
266470
086040
199290
099430
032980
222160
308080
043150
323990
003610
267790
001340
046310
035150
331520
438700
066410
002410
382900
206400
019010
322190
177350
299910
424760
007210
225530
250000
002760
003850
310210
006910
000890
226340
206950
003000
001270
026940
014470
011390
005030
008470
338220
100120
406820
337930
099390
064480
288330
365900
251630
018290
044480
033560
191600
369370
126340
121800
148140
082800
318410
002070
100220
419540
146320
200780
141000
090460
083650
445360
142760
065170
086220
086670
335890
138580
082920
054220
042370
030790
050090
307870
357880
032850
148780
238200
093190
065450
210120
005180
072950
266170
143240
003960
008040
007160
014710
006090
419120
122350
419050
014970
018310
012210
053700
009620
023600
001470
448730
006400
006660
380320
028260
207940
032830
377630
425290
439250
448740
018260
028050
009150
005930
001360
010140
016360
068290
029780
000810
006110
009300
145990
003230
225190
002170
272550
000070
003720
002810
361670
054540
065570
005680
023000
004380
002450
032280
002290
004440
000520
009770
037460
032750
054090
005500
000250
004690
024950
038500
017480
010960
046390
004450
009470
011230
001820
000390
027580
038540
101000
415580
001290
041650
091580
263810
089980
042940
042600
075180
107600
411080
252990
007540
248170
378800
294630
038070
006730
079650
100660
007860
200880
019770
017390
043710
092190
046890
004410
063170
027040
018680
021050
093920
189860
178320
122690
140070
011370
065710
008490
035890
357550
003100
007610
067370
171090
136490
086710
014620
037350
014910
003080
004980
011300
081580
045300
015750
365340
000180
080470
043260
148150
002420
053060
340440
017510
004360
004490
011560
396300
001430
306200
003030
019440
058650
013000
100700
024830
091090
021820
067830
033530
258830
036630
039310
075580
067770
053450
222810
027970
252500
321370
347000
331920
049180
299660
268600
108860
208370
318160
258250
068270
068760
091990
068940
060230
290690
950200
032680
258790
066910
043100
336370
248070
035610
357780
036830
304100
328380
004430
086980
050960
126720
017550
084180
253840
185190
298830
236200
094840
192440
136510
099440
053210
033790
276040
159910
115570
330730
253450
408900
204630
026890
013810
203690
049830
020710
033170
048870
025320
134790
269620
429270
131090
232830
139050
016590
290520
029530
004970
001000
025870
215600
065350
011930
005390
004170
035510
034300
031430
031440
006880
162300
002800
419270
430220
445970
005800
001720
009270
017000
002700
012790
138070
226330
002870
019170
404990
293940
418210
366330
393360
405640
055550
056700
187270
004080
243840
257720
222800
036710
160980
356890
217330
102280
003410
010280
004770
217320
208640
222420
037760
099320
015540
049960
403550
050890
066790
222080
004920
236030
103660
352480
245450
264660
352700
297090
112610
359090
286000
115530
115480
340810
376290
189330
096530
900120
101240
060590
308170
260930
013990
123860
025980
008700
058220
125210
002790
090430
357580
052710
074430
092040
083930
149950
036010
002030
183190
002310
050860
012170
136410
246720
067390
159010
127710
267850
020560
154030
227610
143160
054800
332370
122900
339950
099190
289010
214430
040910
368600
052860
010780
069920
038880
307180
101390
456570
447690
078860
090150
123010
031310
185490
059100
149010
262840
175250
052460
119830
052770
124500
372800
084850
114840
027360
139990
032080
013310
059120
158430
149300
067160
102950
001540
053800
251280
065660
297570
001780
260660
354320
361570
131370
140670
096610
061040
148250
347860
196170
123750
085810
117670
314140
291650
293780
018250
161000
390110
196300
310200
179530
900100
205500
052790
290740
238090
092600
129890
174900
255440
030960
102120
263540
238120
224810
019990
011090
270660
038680
137310
217480
121890
097780
304360
389500
042110
298060
065420
270210
103230
260970
101490
095910
275630
031330
060540
351320
056190
080000
005850
214310
246250
258540
041510
010580
299670
007820
109610
012750
031860
306040
217910
224020
435870
455910
096630
069510
041910
234300
039440
098660
052020
237690
050760
288620
317830
058610
043340
023960
298690
187660
054630
200710
096690
140910
078520
298380
203400
195990
003800
088800
241840
311960
312610
015260
172670
234070
072990
227100
044990
239610
353060
148930
044780
357230
071670
045660
224110
230980
021080
089530
200470
207490
262260
007460
109960
003060
397030
244920
089970
230240
230360
038870
101360
128540
086520
247540
383310
038110
073540
064850
036810
173940
083500
446440
054940
043090
950130
205100
356680
070300
317770
092870
317870
067570
236810
140610
333620
101400
036570
238170
224760
380440
391060
422040
437780
438580
439410
440820
450410
451700
265740
354200
419080
093510
208860
183490
085310
182400
348370
058450
069410
227950
291230
198080
048830
096870
276240
900140
138690
290650
066970
156100
311060
073110
083310
037950
170920
058630
058970
019590
169330
097520
179290
009780
123040
323230
032790
033160
347890
033310
259630
115960
060850
014440
143540
111770
009970
003520
000670
036560
006740
012280
265560
012160
036000
250930
053280
015360
122640
900300
045060
080520
007310
039830
322310
046120
014940
002630
065500
271560
001800
010470
417860
352910
053980
052420
241790
039200
226400
031510
048260
368970
138080
080580
067170
353590
173130
440320
049480
394280
309930
244460
226950
057540
131030
082210
109080
380540
153710
321820
432430
122990
112290
232140
065530
067900
007530
155650
273640
251370
066430
193250
273060
019210
122870
011690
332570
079000
070960
316140
032820
041190
115440
046970
082850
298870
215360
072470
073560
037400
153490
010050
101170
006980
066590
017370
103840
046940
215380
065680
105840
018620
010400
049800
016880
095720
005820
307280
032940
240810
074600
104830
014190
217820
030530
012620
382840
336570
376980
122830
008370
008290
101160
064090
336060
095270
010600
065950
076080
043590
196700
069080
053580
071460
377460
044340
330350
348350
112040
101730
123420
065370
140660
038620
299900
036090
136540
320000
097800
192390
313760
008600
335870
900340
033270
014830
446070
036200
018000
000910
047400
203450
011330
077500
011320
086390
241690
142210
121060
048430
206650
089850
084440
032620
264450
078070
002920
024800
000700
054930
069330
049520
435380
446150
449020
450940
367480
430700
003470
263770
337840
072130
000220
388720
340930
023410
056080
373340
388800
413630
442130
084370
001200
221800
179900
263050
000100
003460
191410
372170
008730
072770
008250
039020
025820
067920
044960
303530
296640
302430
279060
214320
274400
056090
073490
215790
344860
246960
088390
272290
053350
041520
264850
054210
164060
065440
088260
139480
115610
078020
131400
419700
208850
351330
080010
379390
457190
086890
007660
005950
015020
047560
900110
067010
093230
341310
102710
066980
074610
063760
123570
083470
095190
091120
232530
102460
039030
294090
088290
084680
181340
353810
350520
334890
099750
377330
035810
160600
092130
096040
134060
001840
000760
024810
014990
041830
352940
101140
216400
079950
389470
277410
060150
033230
006490
037330
100030
023800
034590
211050
083640
216050
049070
119610
017250
129260
051370
064290
189300
150840
048530
023810
175140
115310
039290
071200
101930
249420
000230
013360
003120
333430
068330
003200
007110
007570
178780
008500
019540
081000
020760
103590
094820
271940
015860
226320
950140
049550
389020
254120
043910
234920
289220
317400
033240
174880
049630
417840
000950
110020
208140
040420
045510
217190
095700
072520
122310
361390
066830
187420
225220
123330
159580
147830
033100
079370
054950
023440
090470
287410
137950
033320
417500
348950
204270
194370
026040
126880
322510
254160
033050
094970
418550
025620
089790
030000
052670
271980
001560
199820
038010
002620
276730
080220
006220
089590
216080
229000
248020
082270
064800
044060
004910
004700
001550
462520
120030
034940
067000
018470
002600
185750
063160
001630
033340
036930
044380
239340
051980
072020
000440
228760
314130
013890
389030
043610
263860
303030
036180
208350
289860
144510
358570
382480
382800
299480
051160
053050
388610
119850
065060
204840
013870
071320
270520
311320
388050
219750
088790
018120
109820
086060
036890
363250
003780
007370
010640
100250
051630
272450
285800
011000
250030
002780
233990
085660
261780
009310
094850
004650
278280
000650
362320
012600
066360
033250
047820
131100
052300
094360
016790
016920
284620
446600
035720
293490
323410
377300
042000
006380
317530
071850
050110
119860
223310
109070
900310
078340
063080
307930
079190
263700
214370
221980
038530
001620
424140
436530
440200
192250
029460
115500
281820
089150
025880
093320
093640
073010
105330
053080
272110
039420
083550
032500
225430
102370
381970
145270
036030
064820
256940
024880
042040
054410
258610
274090
402420
089010
220260
176590
052400
402030
391710
046070
047770
078940
080530
417310
357120
104540
027050
007810
190650
123410
003690
036690
049430
183300
041960
089890
009730
189350
082660
192820
044820
222040
241710
005070
005420
069110
355150
169670
071950
166480
045970
196450
029960
002020
003070
450140
102940
120110
950160
138490
021240
033290
056360
282880
121850
015710
052330
322780
036420
200130
031820
294570
192400
284740
317690
456190
365270
348080
086460
060280
040350
051780
115180
182360
405100
066310
136660
016600
264900
005740
259960
096240
215570
114120
110790
900250
045520
036170
214150
352770
237880
139670
020120
413600
433530
446840
039490
054780
336040
219130
346010
318660
434190
360070
180060
065130
134580
014580
015890
006890
023160
003240
011280
323280
053620
052960
004100
116100
009410
044490
124560
001420
007980
191420
073640
066700
095610
055490
308700
064520
089030
258050
054450
091440
078000
200230
214420
393210
215480
051360
045340
108230
079970
199800
417790
105550
290090
026150
322180
117730
033830
057680
204610
064760
246710
340570
043220
277880
131290
019180
425420
356860
062860
413300
363280
321550
091810
004870
425040
104480
081150
130740
217880
084730
046210
058530
034230
033540
388870
043200
214450
217950
208340
005690
177830
037070
150900
037030
047310
266870
368770
170790
049120
038950
441270
106240
131760
065690
140860
091700
202960
032800
318010
036580
027710
004720
225590
054300
068050
028670
222110
271830
010820
016800
263750
251970
001020
327610
168360
087010
090080
010770
119500
389140
022100
058430
009520
047050
003670
189690
318020
256630
331380
234100
041020
114630
290720
005670
094940
007330
017810
093380
023900
103140
005810
371950
370090
341170
220100
035200
334970
950210
321260
303360
053610
377220
335810
053160
405000
041590
367000
075130
222670
009810
237820
023770
300080
150440
032580
051380
241820
237750
319660
031980
002230
057880
043370
242350
239890
347740
137400
147760
128660
006140
376180
304840
062970
087600
291810
378340
161580
347770
163730
417180
446750
448370
454640
400560
406760
418170
427950
430230
435620
086790
299030
067310
372290
166090
293480
039130
136480
003380
101670
365590
149980
013030
352820
126700
106080
071090
377400
400840
450050
221840
106190
019490
000080
000140
373200
066130
152550
004590
036460
039340
005430
071050
034950
010040
025540
222980
010100
331660
256840
004090
025550
002200
002960
017890
000240
080720
123890
015760
063570
041460
006200
101680
039740
053300
025770
409570
436610
023350
025890
000970
104700
017960
023760
054040
161890
024720
021650
161390
053590
034830
007280
032300
168490
037230
047810
123690
003350
030520
052600
011500
002390
256150
092460
053690
042700
008930
128940
047080
009240
020000
003680
105630
069640
016450
010420
009180
114810
070590
213500
014680
004710
004150
025750
226440
042520
004960
011700
078350
045100
001750
018880
009420
014130
024740
005860
300720
123840
002220
006390
003300
007770
051600
052690
130660
198940
107640
002320
003480
180640
005110
079170
009460
372910
054920
002680
000880
452260
451800
088350
000370
009830
272210
012450
042660
003530
386580
430460
195870
034810
076610
059270
101530
220180
143210
900270
214180
234340
084990
000720
170030
453340
086280
064350
079430
012330
319400
010620
048410
052260
069960
004560
004310
041440
039010
017800
307950
011210
090850
004020
005440
005380
001500
011760
227840
126560
001450
057050
092300
138360
011080
093240
003010
111110
008770
060560
064240
039610
002460
378850
241590
006060
013520
010690
126640
133820
127980
061250
010660
000850
016580
032560
004800
094280
097870
298040
298050
298020
298000
093370
081660
290270
005870
353190
192410
090710
205470
115160
028080
032860
200670
212310
079980
065510
215090
005010
263920
243070
084110
145020
024060
010240
189980
000540
003280
037440
238490