007980
004270
018290
115610
383310
065950
117730
047050
082660
041020
403870
066910
078140
204620
277810
315640
336570
257720
286750
335890
317240
082740
029480
036930
347860
228760
001570
001740
307870
084440
008350
214330
041650
322780
017370
010600
105560
322510
323410
304100
060370
071970
042510
011330
069460
226330
011810
099190
091990
042660
024110
047040
006740
307750
900310
087010
900300
006380
214680
010140
096770
108860
208370
047560
355150
900140
000660
019570
006260
036620
054180
254120
039200
192650
010100
389030
049950
096530
035420
019170
004830
099430
138930
073640
000680
002240
028050
065350
078940
021050
086520
015590
273060
250060
022100
014470
021080
055550
032980
229640
012800
205470
005490
058820
236810
242040
095340
361610
261780
007460
130660
011000
229000
204630
090710
039440
010120
079160
321260
042700
060480
900120
089230
207760
088350
101670
226340
382840
412350
002710
003280
030960
047310
347740
094940
007330
017810
093380
023900
103140
005810
371950
370090
341170
220100
035200
334970
950210
321260
303360
053610
377220
335810
053160
405000
041590
367000
075130
222670
009810
237820
023770
300080
150440
032580
051380
241820
237750
319660
031980
002230
057880
043370
242350
239890
347740
137400
147760
128660
006140
376180
304840
062970
087600
291810
378340
161580
347770
163730
417180
446750
448370
454640
400560
406760
418170
427950
430230
435620
086790
299030
067310
372290
166090
293480
039130
136480
003380
101670
365590
149980
013030
352820
126700
106080
071090
377400
400840
450050
221840
106190
019490
000080
000140
373200
066130
152550
004590
036460
039340
005430
071050
034950
010040
025540
222980
010100
331660
256840
004090
025550
002200
002960
017890
000240
080720
123890
015760
063570
041460
006200
101680
039740
053300
025770
409570
436610
023350
025890
000970
104700
017960
023760
054040
161890
024720
021650
161390
053590
034830
007280
032300
168490
037230
047810
123690
003350
030520
052600
011500
002390
256150
092460
053690
042700
008930
128940
047080
009240
020000
003680
105630
069640
016450
010420
009180
114810
070590
213500
014680
004710
004150
025750
226440
042520
004960
011700
078350
045100
001750
018880
009420
014130
024740
005860
300720
123840
002220
006390
003300
007770
051600
052690
130660