247540
086520
091990
022100
066970
028300
035900
263750
196170
403870
041510
277810
068760
058470
214150
357780
293490
039030
145020
328130
005290
440110
393890
240810
095340
000250
214370
121600
086900
025900
253450
036930
237690
137400
034230
048410
372170
067310
065350
365340
222800
078600
195940
112040
016790
035760
214450
213420
056190
278280
140860
140410
096530
009520
122870
383310
064760
101490
084370
166090
225570
141080
067630
348370
085660
091120
420770
067160
039200
281740
064550
376300
036540
336570
287410
036830
298380
098460
189300
033290
131970
003380
299030
058970
215200
222080
086450
053800
418550
294090
015750
074600
025980
290650
178320
087010
099190
058610
018290
046890
204270
031980
215000
052020
348210
352480
194480
272290
095660
310210
060280
114190
319660
078340
215600
083310
053610
183300
091700
084850
237880
032190
095500
119860
082270
257720
068240
131290
043150
179900
200130
182400
079810
243070
144510
007390
006730
023160
108860
069080
056080
039440
358570
101160
270520
299900
049070
032500
036810
014620
399720
206640
119610
095610
360070
151860
033640
218410
082920
093320
228760
033100
323990
200670
241710
039840
118990
335890
047920
425040
041960
099430
050890
064290
029960
034950
094170
054950
060720
425420
230360
089970
267980
054450
317330
439090
340570
033500
282880
297890
038500
228670
060150
394280
079370
319400
117730
104830
060250
354320
138580
206650
035890
053080
251970
110990
042600
013030
298540
243840
095700
077360
200710
089030
044490
025770
396270
389260
217820
416180
108230
348340
109610
089980
217270
216080
102940
441270
041830
025320
338220
101730
030520
080160
136480
013120
040300
107600
214680
036620
417010
035600
101670
100120
334970
204620
058820
314930
102710
094360
093640
051360
322510
297090
126340
089010
357550
003800
370090
232140
123860
307750
073570
052400
041190
061970
254490
038540
101360
030960
023410
205470
084650
017890
042000
122640
047310
031330
108490
252990
005160
126700
045100
265520
100790
285490
084110
036030
060370
027360
092040
445680
365590
033160
230240
217330
298830
099320
304100
382840
226950
030530
051500
086390
034810
083930
122450
060590
049950
083650
330860
090360
104460
179290
053030
089600
123040
048870
036200
146320
220100
290670
078070
036890
445180
143160
143240
115450
397030
356860
032620
110790
054210
234920
051370
131400
263720
064260
036010
018310
078150
045390
126600
041020
078020
037070
042370
199800
024060
144960
382800
057680
256840
246710
048530
289220
378340
083790
079940
277880
091580
088390
182360
239890
063570
092730
389500
036800
149950
092070
278650
080420
125210
032820
214430
083450
043370
042520
114840
192440
011040
078350
115960
036560
161580
294570
194700
264850
384470
451220
046440
262260
067080
173130
208370
086890
005860
027710
174900
225530
067280
293780
053300
131370
168360
096240
190510
418420
424960
222810
214180
065510
290550
166480
086980
032300
024850
042420
250060
251370
322310
014470
038290
064240
136540
045970
211270
122990
171090
419050
388720
035810
043610
023760
206560
160980
092130
044340
402030
000440
214260
084990
314130
019210
025950
175140
119830
035080
067000
048550
073490
067990
382900
321550
121440
290690
203650
389020
419530
094480
100130
172670
023910
347860
282720
060570
315640
094820
137950
138610
063170
063080
068930
036190
078160
418470
099440
235980
148150
443250
104480
273640
357230
226330
253590
220260
195990
419080
053580
405100
264450
228850
012700
010470
049720
310200
089890
164060
036120
092190
018000
092870
180400
093520
041590
376190
065450
090850
259630
388050
079960
053050
007330
156100
267320
084730
068790
060560
356680
376930
377480
039560
090470
006910
009730
274090
048910
013310
311320
012860
149980
047560
088800
389470
052260
236200
102120
272110
036630
023600
234340
348150
215360
046210
006620
206400
080220
104540
211050
251630
109740
388870
023900
340930
317240
096610
347890
418250
138080
054620
317870
040910
065660
096630
302430
072870
353590
039340
064820
067900
366030
036710
261200
061250
065680
371950
115160
038110
362320
200470
086960
054670
038390
111710
216050
054780
265560
357580
241820
270660
037950
377450
054050
311690
365270
026150
066700
293580
014940
261780
241790
219130
033310
256940
162300
160550
124560
361390
171120
159010
348080
337930
241840
105330
054800
061040
066980
086670
037460
300120
053700
037440
294630
058630
120240
196490
071200
029480
058400
263690
099750
373200
203400
038880
300080
041930
021080
218150
126880
140070
382480
013990
005990
041440
129920
263600
207760
040420
027580
417500
391710
067290
264660
432430
309930
054930
003100
093190
333620
411080
027050
105550
052710
291230
089850
408920
019550
417790
330350
100700
052420
389030
072770
073560
049080
234690
035610
290720
222040
263860
253840
106080
052330
067570
255440
217190
087260
053280
377030
020710
251120
005710
018120
353810
019010
305090
085670
060310
072020
049520
183490
049180
093920
049960
304360
199820
108380
027830
396300
159580
352910
074430
007820
288620
071670
232680
092460
153710
332570
361570
046140
348350
067370
430690
321370
170030
054040
068050
234100
078890
082850
009300
302550
104620
340360
106190
155650
053260
140670
122310
407400
066620
225190
306620
086710
050110
241770
368770
010170
204610
234300
408900
037370
308080
317830
065710
373170
347000
260930
306040
363260
073010
141000
065130
021320
450520
284620
001540
105740
309960
352700
094850
078140
112290
024880
033230
025550
086040
066670
086820
051160
333430
322180
046120
065530
009780
095190
256630
033320
066590
289080
263050
128660
355390
196300
130580
046970
045660
011320
376980
053450
288330
100590
274400
069510
187870
039860
033170
327260
011370
173940
377220
412350
060230
260660
031860
066790
109860
170790
246720
438700
038870
192250
043650
217500
226340
347770
102370
417970
039290
011560
417860
008830
288980
033830
271830
417840
290090
317770
043260
215100
048430
041920
090410
019590
369370
006140
071280
376180
317850
032850
226400
127980
053980
066310
063440
042510
123420
059210
004650
340810
080000
043910
448710
201490
081150
039240
064850
002800
097800
189980
236810
036640
205100
069540
052790
038680
024950
122350
378800
024910
434480
403490
263800
064800
123410
388790
322780
051490
405000
049430
049480
017480
024940
276040
263700
024740
036670
258610
054920
042110
368600
239340
096350
065950
012790
066360
389140
208140
053290
203690
095270
189690
089790
032540
307180
091590
158430
115500
024800
037330
049550
254120
115440
023440
128540
046390
142280
241690
339950
200230
241520
163730
131030
023460
198940
010240
002230
059120
076080
301300
321260
424980
317690
101170
277410
186230
363250
150900
015710
367000
142210
250000
088910
170920
225220
096690
041520
014570
083500
265740
307870
088290
017650
307930
007680
263770
041910
033130
060850
348030
053270
092300
094970
007370
175250
189330
101390
347740
355150
041460
318010
290740
124500
084180
101330
222420
185490
039830
098120
277070
080580
242040
304840
187420
303530
082210
238090
038070
351330
227950
377330
224110
230980
069920
067170
109960
354200
066900
336060
258830
238490
134580
168330
047770
330730
352770
171010
044960
214610
052220
042040
318000
097780
064480
119850
393210
245620
204020
137080
136410
067920
094940
039020
314140
146060
050960
099220
060540
025440
239610
323280
094840
147830
200350
227610
148930
359090
191420
312610
335810
068330
323230
072470
229000
038060
110020
038460
332290
204840
103840
122690
285800
001840
429270
052900
123570
291650
004780
115310
247660
066130
036090
007770
065370
053350
043220
013720
040350
406820
053620
056730
032680
034940
214270
097870
038010
307280
405920
065570
440320
039420
219420
115180
016600
048770
049830
357880
007720
109080
075970
276730
016250
072990
047080
066910
037350
042500
003310
100660
088130
022220
220180
256150
004590
056360
037230
059270
056700
032940
205500
007530
196450
187220
028080
033540
311390
018700
046310
033200
290520
057030
012340
013810
199730
267790
019660
260970
221840
126640
100030
033560
217730
237820
040160
019540
023770
273060
037030
147760
019990
222110
376290
419120
090150
263920
191410
299170
078590
038620
262840
198440
255220
279600
083550
045520
123010
139670
286750
212560
024830
313760
169330
270870
351320
032580
040610
073110
080010
039610
031310
140520
238120
065650
228340
263810
050860
099390
131100
036180
046940
080520
032790
142760
153490
014970
197140
057540
079970
009620
010280
014190
008370
299660
383930
031510
289010
328380
060900
054540
109820
291810
053160
104200
037760
065440
051780
079170
219550
340440
051380
153460
246960
177830
021650
064520
082660
076610
036170
085910
069410
221980
036690
002290
246250
246690
089140
065060
038950
115610
021880
139050
006050
052460
138070
035620
121850
052600
045060
039010
208640
419540
133750
042940
087600
024120
331520
101240
195500
318410
020180
298060
193250
303030
297570
032960
005670
222980
021040
368970
127710
131090
049630
024840
131220
016100
114630
043340
332370
054300
192410
032980
051390
352940
129890
356890
189860
032750
317120
215790
006920
039980
210120
208710
089150
187270
036480
198080
050120
192390
232830
054090
001000
053950
119500
065170
017510
019770
320000
115480
025880
238200
131760
017000
016920
203450
049120
036000
252500
263020
067010
052860
353190
083470
012620
018680
060380
187660
222160
187790
001810
123750
114450
130500
085810
331380
091970
065500
075130
417180
143540
044480
101400
037400
026040
303360
104040
052300
089230
045510
290270
035290
372800
008470
002680
035460
123840
184230
095910
058110
225590
217620
080720
059100
258790
092600
290120
148250
045300
043590
086060
080470
032800
043710
018620
045340
318160
093380
079000
072950
190650
296640
131180
049470
080530
048470
030350
033050
347700
237750
208350
044780
032080
016670
380540
154030
424760
079650
081580
310870
113810
017250
035200
098660
215480
043100
223250
208340
094860
130740
019570
154040
048830
063760
060260
137940
344860
066430
053060
067730
025870
050760
073190
333050
317530
079190
038530
060240
091340
084440
179530
308100
365900
071850
290660
099410
103230
032280
054940
225430
008290
060480
020400
054410
027040
361670
115530
043200
148780
138360
083640
065770
115570
331920
134060
196700
275630
106240
079950
054220
161570
123330
250930
069330
177350
215380
011080
058450
223310
043360
335870
070590
073540
026910
065420
039740
091440
062970
054180
377460
050090
067770
096870
321820
101680
070300
033790
065690
023790
227100
078860
069140
03481K
032685
021045