005930
373220
000660
207940
005935
005380
005490
051910
006400
000270
035420
003670
105560
068270
012330
028260
055550
035720
066570
032830
096770
003550
086790
000810
033780
017670
015760
047050
034730
138040
009150
323410
018260
010130
329180
316140
024110
352820
034020
030200
010950
259960
003490
011200
009540
010140
086280
090430
005830
001570
051900
402340
326030
042700
011170
042660
028050
088980
011070
009830
036570
377300
005070
000100
267250
012450
047810
361610
161390
271560
302440
241560
032640
307950
004020
034220
000720
097950
006800
018880
005387
078930
029780
011780
383220
128940
005940
016360
021240
251270
035250
180640
001450
010620
071050
064350
003410
006260
008770
004990
039490
267260
004370
011790
088350
005385
007070
010120
051915
030000
138930
454910
282330
081660
272210
028670
111770
000990
001040
036460
012750
008930
052690
112610
002790
175330
002380
139480
006110
023530
079550
010060
017800
020150
000120
026960
014680
000880
042670
009420
047040
004170
204320
011210
298040
006740
002710
003620
051600
298050
007660
018670
007310
000080
192820
001440
248070
004000
003230
139130
001740
005850
006040
375500
298020
003690
000150
108320
137310
005300
069960
004800
073240
005420
120110
161890
267270
009240
185750
353200
069620
336260
006360
006280
000240
395400
145720
009970
280360
285130
089860
100090
001120
001800
093370
103140
000670
114090
069260
214320
457190
014820
003090
006650
000210
336370
009900
012510
300720
195870
003030
010780
105630
085620
066575
016380
023590
002840
007340
348950
082640
456040
006120
004490
089590
181710
001430
178920
003540
008730
365550
192080
020560
001530
032350
271940
330590
000400
192650
268280
002350
294870
009450
003850
039130
001680
001060
003240
090460
025540
064960
344820
005250
019170
950210
000640
000070
000815
030190
079160
192400
031430
017960
082740
161000
030610
049770
210980
007700
018250
005610
005440
005880
272450
293940
383800
103590
001470
001720
003280
068400
000370
033240
403550
097520
057050
005180
00680K
003530
077500
034310
170900
003470
002240
014830
357120
460860
241590
020000
381970
284740
281820
249420
001390
034120
004430
017940
058650
145990
001200
000680
091810
183190
123890
377740
015540
286940
011930
003000
004690
003570
005090
006405
448730
001725
017810
900140
453340
093050
007690
200880
033270
001820
003520
013890
108670
094800
005690
010690
012630
002030
451800
025860
306200
126560
432320
003545
001340
002310
009290
007810
012030
001940
090435
093230
003220
051905
003920
000490
016800
003300
006220
229640
004700
060980
074610
029530
008490
088260
084010
027410
017390
005810
058430
000430
117580
00088K
002960
005950
006390
115390
034830
005390
072710
002320
053210
003120
005500
001780
363280
053690
298690
009680
071320
097230
002150
102460
001510
138490
126720
001790
322000
095720
026890
001880
001500
037560
298000
104700
018470
007460
000020
071970
077970
122900
00104K
005010
075580
008350
092220
011810
037270
007570
001630
036530
226320
016580
272550
005389
003960
462520
293480
213500
071055
037710
030210
011760
096760
007210
078520
011000
001520
130660
002810
084690
092790
027970
006840
010100
009160
001460
002900
016590
003060
000050
001270
003070
071840
271980
036420
100840
015590
334890
029460
004380
004980
092230
008060
025000
001130
102260
001250
004090
019680
460850
035510
005720
128820
002020
003200
015360
010955
004360
000540
007160
000140
001080
009155
452260
234080
015890
377190
107590
039570
092200
010580
404990
000155
003160
009580
006060
004710
317400
002990
011785
035150
015860
000480
100250
003555
005945
004250
016450
010820
002100
417310
044450
014580
004560
081000
139990
012320
016710
105840
339770
003720
090350
028100
011500
015230
084680
450140
010600
136490
002780
097955
011330
095570
016610
002390
014530
005680
000390
011280
079980
079430
001360
000700
282690
003580
007860
008260
014280
013570
012610
033920
002620
033530
020120
109070
194370
024900
101530
002210
214390
083420
134380
000970
000320
011300
004100
002170
006890
055490
001020
094280
031440
400760
001230
070960
008700
009270
02826K
058850
009410
006490
011700
004080
003830
007540
004970
372910
025820
068290
002700
000860
210540
005960
024090
003547
017370
017550
214330
004890
003650
047400
008040
000180
267290
089470
023450
00279K
001750
003460
023800
024720
005870
010040
168490
005430
248170
011690
096775
012800
267850
014160
023000
120030
032560
019440
004310
000230
017900
034590
013580
007280
004150
002200
012170
009070
063160
025560
003480
006370
036580
123690
002600
380440
004840
000500
002460
465770
214420
067830
058860
264900
350520
035000
016740
001045
003350
308170
009470
002450
078000
101140
244920
227840
002360
011150
013360
017040
092440
008970
016880
004140
007980
012690
044820
016090
000520
003780
004830
004720
009200
000300
33626K
009190
007590
003610
033180
008110
023810
446070
163560
002140
004770
058730
010960
010660
000910
004960
005800
004060
004920
008870
005740
396690
031820
024890
013870
338100
013520
001560
111110
085310
004910
004270
001290
018500
006880
014790
009810
001260
012600
007110
006090
002720
002760
075180
002920
006340
000650
000220
357430
119650
004540
006660
102280
026940
004410
002630
092780
000105
03473K
071090
000850
090080
025750
000890
013700
017180
009320
004450
041650
014990
019490
005750
129260
003010
145210
008250
000590
002220
155660
143210
027740
021050
014440
009180
378850
010640
120115
006980
001550
069640
008420
011390
078935
049800
001620
069460
001380
009440
357250
023960
015260
009770
033250
014710
023350
021820
28513K
069730
003560
001275
011230
012160
002795
000157
000040
005360
014130
003080
004440
134790
091090
012200
009460
007610
000725
123700
002410
019180
100220
005305
009835
006805
034300
051630
090370
003925
020760
118000
023150
005820
006570
004870
33637K
145270
025530
155900
37550L
001070
084870
012280
011420
010770
006200
000760
093240
002420
072130
006125
019175
024070
005320
003465
000950
005030
001140
002070
084670
37550K
005110
204210
001420
013000
000215
133820
010400
002690
008775
011090
001210
009140
003475
030720
044380
002820
014910
008600
007120
015020
152550
001465
003680
002870
006380
019685
025890
00499K
002880
33626L
001770
010420
005257
003495
088790
025620
004365
009310
35320K
004105
108675
003535
030790
001685
002355
007815
001795
000087
071950
000075
008500
140910
33637L
002025
000885
45014K
000325
004255
38380K
18064K
001067
003075
001065
005725
090355
000225
00806K
45226K
145995
36328K
004985
26490K
001515
009415
004835
084695
007575
005745
001755
008355
014825
000145
006345
00781K
005965
014285
004545
012205
002995
011155
004415
000545
014915
002785
002787
000227
001527
001525